# Downbeat times in seconds (phase=0, stride=4)
0.260000
2.480000
4.720000
6.960000
9.200000
11.380000
13.620000
15.780000
18.040000
20.280000
22.520000
24.740000
26.920000
29.180000
31.400000
33.580000
35.820000
38.040000
40.260000
42.460000
44.720000
46.960000
49.200000
51.380000
53.600000
55.820000
58.060000
60.260000
62.500000
64.720000
66.920000
69.140000
71.400000
73.620000
75.860000
78.060000
80.280000
82.440000
84.700000
86.940000
89.180000
91.420000
93.580000
95.800000
98.060000
100.280000
102.480000
104.700000
106.940000
109.140000
111.380000
113.600000
115.820000
118.020000
120.240000
122.480000
124.720000
126.940000
129.160000
131.380000
133.580000
135.820000
138.060000
140.300000
142.520000
144.720000
146.940000
149.120000
151.380000
153.620000
155.860000
158.080000
160.220000
162.460000
164.680000
166.920000
169.180000
171.360000
173.620000
175.800000
178.040000
180.260000
182.500000
184.700000
186.880000
189.120000
191.360000
193.600000
195.840000
198.000000
200.260000
202.480000
204.720000
206.960000
209.200000
211.380000
213.620000
215.780000
218.040000
220.280000
222.520000
224.740000
226.920000
229.180000
231.380000
233.600000
235.840000
238.060000
240.300000
242.500000
244.720000
246.900000
249.160000
251.380000
253.600000
255.820000
258.040000
260.300000
262.540000
264.780000
267.020000
269.260000
271.500000
