# Beat times in seconds
0.260000
0.820000
1.360000
1.940000
2.480000
3.040000
3.620000
4.180000
4.720000
5.280000
5.840000
6.420000
6.960000
7.540000
8.080000
8.640000
9.200000
9.760000
10.280000
10.820000
11.380000
11.940000
12.500000
13.080000
13.620000
14.140000
14.700000
15.240000
15.780000
16.360000
16.920000
17.480000
18.040000
18.580000
19.160000
19.700000
20.280000
20.840000
21.400000
21.940000
22.520000
23.060000
23.620000
24.180000
24.740000
25.280000
25.820000
26.380000
26.920000
27.480000
28.060000
28.600000
29.180000
29.720000
30.300000
30.840000
31.400000
31.920000
32.480000
33.000000
33.580000
34.120000
34.680000
35.240000
35.820000
36.380000
36.940000
37.500000
38.040000
38.620000
39.180000
39.720000
40.260000
40.800000
41.360000
41.920000
42.460000
43.020000
43.600000
44.140000
44.720000
45.280000
45.820000
46.380000
46.960000
47.520000
48.060000
48.620000
49.200000
49.760000
50.280000
50.820000
51.380000
51.900000
52.460000
53.040000
53.600000
54.140000
54.720000
55.260000
55.820000
56.400000
56.960000
57.500000
58.060000
58.620000
59.160000
59.700000
60.260000
60.800000
61.360000
61.940000
62.500000
63.060000
63.600000
64.160000
64.720000
65.280000
65.860000
66.400000
66.920000
67.480000
68.040000
68.580000
69.140000
69.700000
70.280000
70.840000
71.400000
71.940000
72.500000
73.080000
73.620000
74.180000
74.740000
75.300000
75.860000
76.420000
76.940000
77.480000
78.060000
78.600000
79.180000
79.740000
80.280000
80.820000
81.380000
81.900000
82.440000
83.020000
83.580000
84.140000
84.700000
85.260000
85.820000
86.380000
86.940000
87.500000
88.060000
88.620000
89.180000
89.720000
90.280000
90.840000
91.420000
91.940000
92.480000
93.040000
93.580000
94.140000
94.700000
95.240000
95.800000
96.380000
96.920000
97.480000
98.060000
98.600000
99.180000
99.720000
100.280000
100.840000
101.400000
101.920000
102.480000
103.020000
103.580000
104.160000
104.700000
105.260000
105.840000
106.380000
106.940000
107.520000
108.060000
108.620000
109.140000
109.700000
110.260000
110.820000
111.380000
111.920000
112.480000
113.040000
113.600000
114.160000
114.740000
115.300000
115.820000
116.380000
116.900000
117.440000
118.020000
118.580000
119.140000
119.700000
120.240000
120.800000
121.360000
121.920000
122.480000
123.040000
123.600000
124.180000
124.720000
125.280000
125.840000
126.380000
126.940000
127.480000
128.040000
128.600000
129.160000
129.740000
130.280000
130.840000
131.380000
131.920000
132.460000
133.020000
133.580000
134.140000
134.680000
135.240000
135.820000
136.360000
136.940000
137.500000
138.060000
138.600000
139.160000
139.740000
140.300000
140.840000
141.400000
141.960000
142.520000
143.080000
143.620000
144.160000
144.720000
145.280000
145.840000
146.400000
146.940000
147.480000
148.040000
148.560000
149.120000
149.700000
150.240000
150.820000
151.380000
151.920000
152.500000
153.040000
153.620000
154.160000
154.720000
155.280000
155.860000
156.400000
156.960000
157.520000
158.080000
158.600000
159.160000
159.700000
160.220000
160.780000
161.320000
161.900000
162.460000
163.000000
163.580000
164.120000
164.680000
165.260000
165.800000
166.380000
166.920000
167.500000
168.040000
168.620000
169.180000
169.720000
170.260000
170.820000
171.360000
171.940000
172.500000
173.040000
173.620000
174.160000
174.720000
175.260000
175.800000
176.340000
176.920000
177.480000
178.040000
178.600000
179.140000
179.700000
180.260000
180.840000
181.380000
181.940000
182.500000
183.060000
183.640000
184.160000
184.700000
185.260000
185.800000
186.340000
186.880000
187.440000
188.020000
188.580000
189.120000
189.700000
190.260000
190.820000
191.360000
191.920000
192.500000
193.060000
193.600000
194.160000
194.740000
195.280000
195.840000
196.400000
196.940000
197.460000
198.000000
198.580000
199.120000
199.700000
200.260000
200.820000
201.360000
201.940000
202.480000
203.040000
203.620000
204.180000
204.720000
205.280000
205.840000
206.420000
206.960000
207.520000
208.080000
208.640000
209.200000
209.760000
210.280000
210.820000
211.380000
211.940000
212.500000
213.080000
213.620000
214.140000
214.700000
215.240000
215.780000
216.360000
216.920000
217.480000
218.040000
218.580000
219.160000
219.700000
220.280000
220.840000
221.400000
221.940000
222.520000
223.060000
223.620000
224.180000
224.740000
225.280000
225.820000
226.380000
226.920000
227.480000
228.060000
228.600000
229.180000
229.720000
230.300000
230.860000
231.380000
231.920000
232.460000
233.020000
233.600000
234.140000
234.720000
235.280000
235.840000
236.380000
236.940000
237.520000
238.060000
238.620000
239.180000
239.740000
240.300000
240.860000
241.420000
241.940000
242.500000
243.060000
243.620000
244.180000
244.720000
245.260000
245.820000
246.340000
246.900000
247.480000
248.040000
248.580000
249.160000
249.700000
250.280000
250.820000
251.380000
251.940000
252.500000
253.060000
253.600000
254.120000
254.700000
255.240000
255.820000
256.380000
256.920000
257.480000
258.040000
258.600000
259.180000
259.720000
260.300000
260.840000
261.420000
261.980000
262.540000
263.100000
263.660000
264.220000
264.780000
265.340000
265.900000
266.460000
267.020000
267.580000
268.140000
268.700000
269.260000
269.820000
270.380000
270.940000
271.500000
