# Beat times in seconds
0.724000
1.564000
2.464000
3.364000
4.204000
5.104000
5.964000
6.884000
7.744000
8.664000
9.524000
10.444000
11.304000
12.224000
13.084000
13.944000
14.864000
15.744000
16.624000
17.484000
18.324000
19.144000
20.024000
20.824000
21.664000
22.524000
23.384000
24.284000
25.104000
26.004000
26.864000
27.684000
28.564000
29.404000
30.284000
31.144000
32.024000
32.884000
33.724000
34.564000
35.404000
36.224000
37.104000
37.984000
38.824000
39.684000
40.524000
41.404000
42.284000
43.164000
44.024000
44.924000
45.824000
46.704000
47.564000
48.424000
49.344000
50.184000
51.104000
51.944000
52.844000
53.744000
54.584000
55.464000
56.424000
57.344000
58.284000
59.264000
60.184000
61.124000
62.084000
63.004000
63.924000
64.864000
65.784000
66.704000
67.584000
68.464000
69.404000
70.344000
71.284000
72.224000
73.164000
74.104000
75.044000
75.984000
76.924000
77.864000
78.804000
79.744000
79.984000
80.684000
80.944000
81.624000
81.904000
82.564000
82.864000
83.504000
83.824000
84.444000
84.784000
85.384000
85.744000
86.324000
86.704000
87.264000
87.664000
88.204000
88.624000
89.144000
89.584000
90.084000
90.544000
91.024000
91.504000
91.732000
92.692000
93.632000
94.592000
95.552000
96.512000
97.472000
98.432000
99.392000
100.352000
101.312000
102.272000
103.232000
104.192000
105.152000
106.112000
107.072000
108.032000
108.257000
108.992000
109.232000
109.952000
110.207000
110.912000
111.182000
111.872000
112.157000
112.832000
113.132000
113.792000
114.107000
114.752000
115.082000
115.712000
116.057000
116.672000
117.032000
117.632000
118.007000
118.592000
118.982000
119.552000
119.957000
120.512000
120.932000
121.472000
121.907000
122.432000
122.882000
123.392000
123.857000
124.352000
124.832000
125.312000
125.807000
126.272000
126.782000
127.232000
127.757000
128.192000
128.732000
129.152000
129.707000
130.112000
130.682000
131.072000
131.657000
132.032000
132.632000
132.992000
133.607000
133.952000
134.912000
135.264000
136.284000
137.224000
138.244000
139.244000
140.244000
141.144000
142.124000
143.064000
143.984000
144.924000
145.884000
146.804000
147.704000
148.624000
149.564000
150.464000
151.344000
152.284000
153.184000
154.084000
155.024000
155.964000
156.844000
157.784000
158.704000
159.604000
160.504000
161.344000
162.224000
163.084000
163.904000
164.804000
165.664000
166.564000
167.404000
168.284000
169.184000
170.064000
170.924000
171.884000
172.844000
173.744000
174.724000
175.644000
176.554000
177.464000
178.374000
179.284000
180.194000
181.104000
182.014000
182.241500
182.924000
183.184000
183.834000
184.126500
184.744000
185.069000
185.654000
186.011500
186.564000
186.954000
187.474000
187.896500
188.384000
188.839000
189.294000
189.781500
190.204000
190.724000
191.114000
191.666500
192.024000
192.609000
192.934000
193.551500
193.844000
194.494000
194.754000
195.436500
195.664000
196.379000
197.321500
198.264000
199.206500
200.149000
201.091500
202.034000
202.944000
203.854000
204.764000
205.674000
206.584000
207.494000
208.404000
208.631500
209.314000
209.574000
210.224000
210.516500
211.134000
211.459000
212.044000
212.401500
212.954000
213.344000
213.864000
214.286500
214.774000
215.229000
215.684000
216.171500
216.594000
217.114000
217.504000
218.056500
218.414000
218.999000
219.324000
219.941500
220.234000
220.884000
221.144000
221.932000
223.092000
224.272000
225.225750
226.179500
227.133250
228.087000
229.040750
229.476000
230.436000
231.376000
232.276000
233.264750
234.253500
235.242250
236.231000
237.440000
238.460000
239.460000
240.489500
241.519000
242.548500
243.578000
244.607500
245.637000
246.666500
247.696000
248.725500
249.755000
