# Beat times in seconds (vocal segments only, before gap-filling)
0.724000
1.564000
2.464000
3.364000
4.204000
5.104000
5.964000
6.884000
7.744000
8.664000
9.524000
10.444000
11.304000
12.224000
13.084000
13.944000
14.864000
15.744000
16.624000
17.484000
18.324000
19.144000
20.024000
20.824000
21.664000
22.524000
23.384000
24.284000
25.104000
26.004000
26.864000
27.684000
28.564000
29.404000
30.284000
31.144000
32.024000
32.884000
33.724000
34.564000
35.404000
36.224000
37.104000
37.984000
38.824000
39.684000
40.524000
41.404000
42.284000
43.164000
44.024000
44.924000
45.824000
46.704000
47.564000
48.424000
49.344000
50.184000
51.104000
51.944000
52.844000
53.744000
54.584000
55.464000
56.424000
57.344000
58.284000
59.264000
60.184000
61.124000
62.084000
63.004000
63.924000
64.864000
65.784000
66.704000
67.584000
68.464000
91.732000
92.692000
93.632000
135.264000
136.284000
137.224000
138.244000
139.244000
140.244000
141.144000
142.124000
143.064000
143.984000
144.924000
145.884000
146.804000
147.704000
148.624000
149.564000
150.464000
151.344000
152.284000
153.184000
154.084000
155.024000
155.964000
156.844000
157.784000
158.704000
159.604000
160.504000
161.344000
162.224000
163.084000
163.904000
164.804000
165.664000
166.564000
167.404000
168.284000
169.184000
170.064000
170.924000
171.884000
172.844000
173.744000
174.724000
175.644000
221.932000
223.092000
224.272000
229.476000
230.436000
231.376000
232.276000
237.440000
238.460000
239.460000
