# Downbeat times in seconds (phase=0, stride=4)
0.724000
4.204000
7.744000
11.304000
14.864000
18.324000
21.664000
25.104000
28.564000
32.024000
35.404000
38.824000
42.284000
45.824000
49.344000
52.844000
56.424000
60.184000
63.924000
67.584000
71.284000
75.044000
78.804000
80.944000
82.864000
84.784000
86.704000
88.624000
90.544000
92.692000
96.512000
100.352000
104.192000
108.032000
109.952000
111.872000
113.792000
115.712000
117.632000
119.552000
121.472000
123.392000
125.312000
127.232000
129.152000
131.072000
132.992000
135.264000
139.244000
143.064000
146.804000
150.464000
154.084000
157.784000
161.344000
164.804000
168.284000
171.884000
175.644000
179.284000
182.241500
184.126500
186.011500
187.896500
189.781500
191.666500
193.551500
195.436500
198.264000
202.034000
205.674000
208.631500
210.516500
212.401500
214.286500
216.171500
218.056500
219.941500
221.932000
226.179500
229.476000
233.264750
237.440000
241.519000
245.637000
249.755000
