# Beat times in seconds (vocal segments only, before gap-filling)
0.240000
1.180000
2.160000
3.100000
4.080000
5.020000
6.020000
6.960000
7.920000
8.880000
9.840000
10.800000
11.760000
12.740000
13.700000
14.660000
15.580000
16.580000
17.540000
18.480000
19.440000
20.400000
21.380000
22.320000
23.300000
24.240000
25.180000
26.160000
27.120000
28.060000
29.040000
29.980000
30.960000
31.920000
32.880000
33.840000
34.780000
35.760000
36.740000
37.700000
38.640000
39.600000
40.540000
41.500000
42.460000
43.420000
44.420000
45.340000
46.320000
47.260000
48.220000
49.180000
50.180000
51.140000
52.080000
53.040000
54.000000
54.980000
55.920000
56.860000
57.820000
58.820000
59.760000
60.720000
61.660000
62.660000
63.620000
64.560000
65.500000
66.460000
67.440000
68.380000
69.360000
70.340000
71.300000
72.220000
73.200000
74.160000
75.100000
76.060000
77.020000
78.020000
78.940000
79.900000
80.900000
81.860000
82.800000
83.760000
84.740000
85.660000
86.640000
87.620000
88.540000
89.500000
90.500000
91.460000
92.400000
132.736000
133.656000
134.616000
135.536000
136.516000
137.476000
138.436000
139.396000
140.376000
141.336000
142.296000
143.216000
144.236000
145.156000
146.176000
147.136000
148.096000
149.036000
149.976000
150.936000
151.896000
152.856000
153.856000
154.776000
155.756000
156.736000
157.676000
158.616000
159.616000
160.536000
161.496000
162.456000
163.456000
164.376000
165.356000
166.336000
167.296000
168.276000
169.236000
170.156000
171.136000
172.096000
173.036000
174.036000
174.976000
175.936000
176.956000
177.876000
