# Downbeat times in seconds (phase=0, stride=4)
0.240000
4.080000
7.920000
11.760000
15.580000
19.440000
23.300000
27.120000
30.960000
34.780000
38.640000
42.460000
46.320000
50.180000
54.000000
57.820000
61.660000
65.500000
69.360000
73.200000
77.020000
80.900000
84.740000
88.540000
92.400000
96.240000
100.080000
103.920000
107.760000
111.600000
115.440000
119.280000
123.120000
126.960000
130.800000
134.616000
138.436000
142.296000
146.176000
149.976000
153.856000
157.676000
161.496000
165.356000
169.236000
173.036000
176.956000
180.756000
184.596000
188.436000
192.276000
196.116000
