# Beat times in seconds (vocal segments only, before gap-filling)
22.356000
23.156000
23.976000
24.776000
25.596000
26.396000
27.176000
27.956000
28.756000
29.556000
30.396000
31.156000
31.956000
32.776000
33.596000
34.376000
35.196000
35.996000
36.776000
37.576000
38.356000
39.176000
39.996000
40.796000
41.556000
42.356000
43.156000
43.976000
44.776000
45.596000
46.396000
47.156000
47.976000
48.776000
49.576000
50.356000
51.176000
51.996000
52.796000
53.556000
54.376000
55.156000
55.996000
56.756000
57.556000
58.356000
59.196000
59.976000
60.756000
61.576000
62.396000
63.156000
63.956000
64.796000
65.576000
66.356000
67.176000
67.976000
68.776000
69.556000
70.396000
71.196000
71.996000
72.756000
73.556000
74.376000
75.196000
75.976000
76.756000
77.596000
78.396000
79.156000
79.976000
80.776000
81.596000
82.376000
83.156000
83.976000
84.756000
85.596000
86.396000
87.196000
87.956000
88.796000
89.596000
90.376000
91.196000
91.996000
92.796000
93.576000
94.376000
95.176000
95.956000
96.796000
97.596000
98.376000
99.176000
99.996000
124.776000
125.576000
126.376000
127.156000
127.956000
128.796000
129.596000
130.356000
131.176000
131.956000
132.796000
133.556000
134.356000
135.156000
135.996000
136.776000
137.556000
138.376000
139.196000
139.956000
140.776000
141.576000
142.376000
143.156000
143.976000
144.776000
145.576000
146.356000
147.196000
147.996000
148.796000
149.556000
150.356000
151.176000
151.996000
152.776000
153.576000
154.396000
155.196000
155.956000
156.776000
157.576000
158.396000
159.196000
159.956000
160.776000
161.556000
162.396000
163.196000
163.996000
164.756000
165.596000
166.376000
167.176000
167.996000
168.776000
169.596000
170.376000
171.176000
171.976000
172.756000
173.596000
174.396000
175.176000
175.976000
176.796000
181.588000
182.388000
183.188000
183.968000
184.808000
185.588000
186.408000
187.168000
188.008000
188.788000
189.568000
190.368000
191.208000
191.988000
192.768000
193.588000
194.368000
195.208000
196.008000
196.788000
197.568000
198.408000
199.208000
199.988000
200.808000
201.568000
202.388000
203.208000
203.988000
204.788000
205.588000
206.368000
