# Downbeat times in seconds (phase=3, stride=4)
3.156000
6.356000
9.556000
12.756000
15.956000
19.156000
22.356000
25.596000
28.756000
31.956000
35.196000
38.356000
41.556000
44.776000
47.976000
51.176000
54.376000
57.556000
60.756000
63.956000
67.176000
70.396000
73.556000
76.756000
79.976000
83.156000
86.396000
89.596000
92.796000
95.956000
99.176000
102.396000
105.596000
108.796000
111.996000
115.196000
118.396000
121.596000
124.776000
127.956000
131.176000
134.356000
137.556000
140.776000
143.976000
147.196000
150.356000
153.576000
156.776000
159.956000
163.196000
166.376000
169.596000
172.756000
175.976000
179.196000
182.388000
185.588000
188.788000
191.988000
195.208000
198.408000
201.568000
204.788000
207.968000
211.168000
