# Beat times in seconds
0.156000
1.046000
1.936000
2.826000
3.716000
4.606000
5.496000
6.386000
7.276000
8.166000
9.056000
9.946000
10.836000
11.726000
12.616000
13.506000
14.396000
15.286000
16.176000
17.066000
17.956000
18.846000
19.736000
20.626000
21.516000
22.406000
23.296000
24.186000
25.076000
25.966000
26.856000
27.746000
28.636000
29.526000
30.416000
31.296000
32.196000
33.076000
33.956000
34.896000
35.796000
36.696000
37.576000
38.476000
39.376000
40.256000
41.136000
42.056000
42.956000
43.836000
44.736000
45.596000
46.496000
47.376000
48.296000
49.196000
50.076000
50.976000
51.916000
52.816000
53.676000
54.576000
55.496000
56.396000
57.276000
58.196000
59.076000
59.976000
60.876000
61.776000
62.656000
63.516000
64.456000
65.336000
66.216000
67.136000
68.036000
68.936000
69.856000
70.736000
71.616000
72.536000
73.416000
74.356000
75.196000
76.096000
76.996000
77.856000
78.796000
79.676000
80.556000
81.476000
82.376000
83.276000
84.176000
85.096000
85.956000
86.856000
87.736000
88.616000
89.516000
90.416000
