# Beat times in seconds (vocal segments only, before gap-filling)
30.428000
30.888000
31.328000
31.808000
32.268000
32.708000
33.168000
33.648000
34.128000
34.588000
35.048000
35.508000
35.968000
36.428000
36.888000
37.348000
37.808000
38.288000
38.728000
39.188000
39.668000
40.128000
40.568000
41.048000
41.508000
41.948000
42.428000
42.868000
43.348000
43.808000
44.268000
44.768000
45.208000
45.668000
46.128000
46.588000
47.048000
47.508000
47.968000
48.428000
48.888000
49.368000
49.828000
50.268000
50.748000
51.208000
51.648000
52.108000
52.568000
53.048000
53.488000
53.948000
54.408000
54.888000
55.328000
55.808000
56.288000
56.748000
57.208000
57.668000
58.128000
58.588000
59.068000
59.508000
59.968000
60.428000
60.888000
61.348000
61.828000
62.268000
62.748000
63.208000
63.668000
64.128000
64.588000
65.048000
65.508000
65.968000
66.408000
66.888000
67.348000
67.808000
68.268000
68.728000
69.168000
69.648000
70.108000
70.568000
71.048000
71.528000
71.988000
72.448000
72.908000
73.368000
73.828000
74.288000
74.748000
75.208000
75.688000
76.128000
76.588000
77.048000
77.528000
77.968000
78.448000
78.908000
79.368000
79.808000
80.268000
80.748000
81.208000
81.668000
82.128000
82.588000
83.048000
83.508000
83.968000
84.408000
84.888000
85.328000
85.808000
86.268000
86.728000
87.188000
87.628000
88.088000
88.548000
89.048000
89.528000
89.988000
90.448000
90.908000
91.368000
91.828000
92.288000
92.748000
93.228000
93.688000
94.148000
94.588000
95.068000
95.528000
95.988000
96.428000
96.908000
97.368000
97.828000
98.288000
98.728000
99.188000
99.668000
100.108000
100.588000
101.048000
101.488000
101.968000
102.408000
102.888000
103.348000
103.788000
104.268000
104.728000
