# Downbeat times in seconds (phase=0, stride=4)
0.068000
1.908000
3.748000
5.588000
7.428000
9.268000
11.108000
12.948000
14.788000
16.628000
18.468000
20.308000
22.148000
23.988000
25.828000
27.668000
29.508000
31.328000
33.168000
35.048000
36.888000
38.728000
40.568000
42.428000
44.268000
46.128000
47.968000
49.828000
51.648000
53.488000
55.328000
57.208000
59.068000
60.888000
62.748000
64.588000
66.408000
68.268000
70.108000
71.988000
73.828000
75.688000
77.528000
79.368000
81.208000
83.048000
84.888000
86.728000
88.548000
90.448000
92.288000
94.148000
95.988000
97.828000
99.668000
101.488000
103.348000
105.188000
