# Downbeat times in seconds (phase=3, stride=4)
2.376000
4.856000
7.336000
9.816000
12.296000
14.776000
17.256000
19.736000
22.216000
24.696000
27.176000
29.656000
32.156000
34.636000
37.096000
39.536000
42.016000
44.516000
46.976000
49.476000
51.936000
54.416000
56.896000
59.356000
61.836000
64.316000
66.776000
69.256000
71.736000
74.196000
76.696000
79.156000
81.636000
84.116000
86.556000
89.036000
91.516000
93.996000
96.496000
98.976000
101.396000
103.896000
106.376000
108.856000
111.336000
113.816000
116.296000
118.756000
121.256000
123.736000
