# Beat times in seconds
0.516000
1.136000
1.756000
2.376000
2.996000
3.616000
4.236000
4.856000
5.476000
6.096000
6.716000
7.336000
7.956000
8.576000
9.196000
9.816000
10.436000
11.056000
11.676000
12.296000
12.916000
13.536000
14.156000
14.776000
15.396000
16.016000
16.636000
17.256000
17.876000
18.496000
19.116000
19.736000
20.356000
20.976000
21.596000
22.216000
22.836000
23.456000
24.076000
24.696000
25.316000
25.936000
26.556000
27.176000
27.796000
28.416000
29.056000
29.656000
30.296000
30.916000
31.536000
32.156000
32.776000
33.376000
33.996000
34.636000
35.256000
35.856000
36.476000
37.096000
37.736000
38.336000
38.936000
39.536000
40.176000
40.796000
41.416000
42.016000
42.636000
43.256000
43.896000
44.516000
45.136000
45.756000
46.376000
46.976000
47.596000
48.216000
48.856000
49.476000
50.096000
50.696000
51.316000
51.936000
52.556000
53.176000
53.796000
54.416000
55.036000
55.676000
56.276000
56.896000
57.536000
58.136000
58.736000
59.356000
59.976000
60.596000
61.216000
61.836000
62.436000
63.076000
63.676000
64.316000
64.936000
65.536000
66.156000
66.776000
67.416000
68.016000
68.636000
69.256000
69.876000
70.496000
71.116000
71.736000
72.336000
72.956000
73.576000
74.196000
74.836000
75.436000
76.076000
76.696000
77.316000
77.916000
78.536000
79.156000
79.796000
80.396000
81.016000
81.636000
82.276000
82.876000
83.496000
84.116000
84.716000
85.316000
85.956000
86.556000
87.196000
87.816000
88.436000
89.036000
89.676000
90.296000
90.896000
91.516000
92.136000
92.756000
93.396000
93.996000
94.636000
95.256000
95.856000
96.496000
97.116000
97.716000
98.336000
98.976000
99.576000
100.196000
100.816000
101.396000
102.036000
102.656000
103.276000
103.896000
104.516000
105.116000
105.736000
106.376000
106.976000
107.616000
108.216000
108.856000
109.456000
110.076000
110.696000
111.336000
111.936000
112.576000
113.196000
113.816000
114.436000
115.056000
115.656000
116.296000
116.896000
117.516000
118.156000
118.756000
119.376000
119.996000
120.616000
121.256000
121.856000
122.476000
123.116000
123.736000
124.356000
124.976000
