# Beat times in seconds (vocal segments only, before gap-filling)
0.180000
1.000000
1.780000
2.580000
3.360000
4.140000
4.880000
5.640000
6.420000
7.240000
7.980000
8.800000
9.540000
10.360000
11.120000
11.960000
12.720000
13.500000
14.280000
15.060000
15.840000
16.640000
17.440000
18.260000
19.060000
19.860000
20.640000
21.440000
22.200000
22.960000
23.780000
24.520000
25.360000
26.140000
26.940000
27.740000
28.540000
29.360000
30.140000
30.900000
31.680000
32.440000
33.260000
34.000000
34.780000
35.560000
36.380000
37.160000
38.000000
38.800000
39.580000
40.400000
41.200000
41.940000
42.740000
43.500000
44.300000
45.060000
45.880000
46.660000
47.500000
48.260000
49.040000
49.820000
50.600000
51.380000
52.180000
52.980000
53.740000
54.560000
55.340000
56.160000
56.940000
57.700000
58.520000
59.300000
60.060000
60.840000
61.620000
62.420000
63.220000
64.020000
64.820000
65.620000
66.400000
67.180000
67.940000
68.740000
69.540000
70.380000
71.180000
71.940000
72.720000
73.480000
74.280000
75.060000
75.900000
76.700000
77.460000
78.280000
79.100000
79.880000
80.660000
81.460000
82.200000
82.980000
83.800000
84.560000
85.340000
86.140000
86.920000
87.700000
88.520000
89.300000
90.100000
90.920000
91.700000
92.520000
93.260000
94.080000
94.820000
95.640000
96.400000
97.160000
97.980000
98.740000
99.520000
100.340000
101.140000
101.960000
102.740000
103.520000
104.360000
105.100000
105.880000
106.660000
107.480000
108.240000
109.020000
109.800000
110.600000
111.400000
112.180000
113.000000
113.740000
114.540000
115.340000
116.100000
116.900000
117.720000
118.480000
119.260000
120.060000
120.800000
121.580000
122.360000
123.160000
123.980000
124.780000
125.580000
126.360000
127.180000
128.000000
128.780000
129.580000
130.420000
131.220000
132.080000
132.900000
133.700000
134.500000
135.420000
136.260000
137.200000
138.160000
139.060000
140.040000
140.960000
141.900000
142.800000
143.700000
144.520000
145.300000
146.120000
146.940000
147.740000
148.520000
149.320000
150.140000
150.960000
151.740000
152.480000
153.280000
154.080000
154.840000
155.620000
156.420000
157.160000
157.960000
158.780000
159.540000
160.340000
161.120000
161.940000
162.700000
163.500000
164.340000
165.120000
165.860000
166.640000
167.440000
168.240000
168.980000
169.780000
170.540000
171.380000
172.160000
172.980000
173.740000
174.560000
175.340000
176.140000
176.960000
177.740000
178.520000
179.320000
180.120000
180.900000
181.640000
182.440000
183.220000
184.060000
184.820000
185.620000
186.380000
187.180000
187.960000
188.760000
189.540000
190.280000
191.080000
191.880000
192.680000
193.500000
194.260000
195.080000
195.860000
196.620000
197.420000
198.180000
