# Downbeat times in seconds (phase=0, stride=4)
0.180000
3.360000
6.420000
9.540000
12.720000
15.840000
19.060000
22.200000
25.360000
28.540000
31.680000
34.780000
38.000000
41.200000
44.300000
47.500000
50.600000
53.740000
56.940000
60.060000
63.220000
66.400000
69.540000
72.720000
75.900000
79.100000
82.200000
85.340000
88.520000
91.700000
94.820000
97.980000
101.140000
104.360000
107.480000
110.600000
113.740000
116.900000
120.060000
123.160000
126.360000
129.580000
132.900000
136.260000
140.040000
143.700000
146.940000
150.140000
153.280000
156.420000
159.540000
162.700000
165.860000
168.980000
172.160000
175.340000
178.520000
181.640000
184.820000
187.960000
191.080000
194.260000
197.420000
